tasks
  0
avec
  1.000000  0.000000  0.000000
  0.000000  1.000000  0.000000
  0.000000  0.000000  1.000000
atoms
  3
  'Ti.in'
  3
  0.000000  0.500000  0.500000   0.000000  0.000000  0.000000
  0.500000  0.000000  0.500000   0.000000  0.000000  0.000000
  0.500000  0.500000  0.000000   0.000000  0.000000  0.000000
  'W.in'
  1
  0.000000  0.000000  0.000000   0.000000  0.000000  0.000000
  'C.in'
  4
  0.500000  0.500000  0.500000   0.000000  0.000000  0.000000
  0.500000  0.000000  0.000000   0.000000  0.000000  0.000000
  0.000000  0.500000  0.000000   0.000000  0.000000  0.000000
  0.000000  0.000000  0.500000   0.000000  0.000000  0.000000
autormt
  .true.
rmtapm
  0.4  1
mixtype
  3
rgkmax
  12
stype
  1     : M-P smearing
swidth
  0.0075
xctype
  100  109  134     : GGA-PW91 from LibXC
